8
76
0
1
2
3
4
5
6
7
8
9
10
11
12
13
14
15
16
17
18
19
20
21
22
23
24
25
26
27
28
29
86
87
88
89
90
91
92
93
106
107
108
109
110
111
112
113
114
115
116
117
118
119
120
121
122
123
124
125
126
127
128
129
130
131
132
133
134
135
192
193
194
195
196
197
198
199
24
94
95
96
97
98
99
100
101
102
103
104
105
200
201
202
203
204
205
206
207
208
209
210
211
2
47
52
7
48
50
49
51
53
55
54
22
63
67
65
64
69
68
66
71
70
75
73
72
77
76
74
80
78
82
81
84
83
85
8
30
31
32
34
33
35
38
39
3
36
37
40
14
44
46
41
45
60
43
61
57
42
59
62
56
58
79
